"illiqbel"
2.16911268234253
2.00812244415283
1.7887167930603
1.93627893924713
2.06764626502991
2.27652668952942
2.26285338401794
2.34476923942566
2.31695222854614
2.40067577362061
2.36724615097046
2.52369451522827
2.66403555870056
2.2274158000946
2.29571008682251
2.19025993347168
2.19247221946716
2.56337118148804
2.58018636703491
2.63311362266541
3.09627842903137
3.25642323493958
3.14699935913086
3.21790409088135
3.33667373657227
3.02586984634399
2.98822951316833
3.20283889770508
3.14832878112793
3.3254930973053
3.20115113258362
3.2278037071228
3.22912955284119
3.335862159729
2.82249450683594
2.95686817169189
2.9984655380249
3.00156664848328
3.03787660598755
2.79052829742432
2.90022778511047
3.02704405784607
3.25650882720947
3.40635943412781
3.24889349937439
3.25352668762207
2.83044648170471
2.77059149742126
3.21842050552368
3.35555124282837
3.09643912315369
2.78980445861816
2.89213490486145
3.13564801216125
2.85261106491089
3.07499575614929
3.31887364387512
3.31828546524048
2.92173528671265
3.09388399124146
3.29421949386597
3.1887743473053
3.01648664474487
3.24599456787109
2.91891098022461
3.35091304779053
3.31850433349609
3.45552611351013
3.40695810317993
3.34360408782959
3.15278387069702
3.32963252067566
2.916748046875
2.81146168708801
3.22591376304626
2.95473742485046
3.08089470863342
2.79699015617371
2.83382034301758
2.90702986717224
2.87853503227234
2.77271056175232
3.11007905006409
2.99860215187073
2.88497185707092
2.74655699729919
2.84429478645325
2.85864281654358
2.8660249710083
2.87078332901001
3.3128719329834
3.14805269241333
2.67726540565491
3.02767181396484
2.5527765750885
2.71085715293884
2.75641012191772
2.79643869400024
2.6652410030365
2.57753705978394
2.60822439193726
2.87661194801331
2.63413715362549
2.79314541816711
2.62496447563171
2.52099704742432
2.07914710044861
2.66998934745789
2.26455497741699
2.67766141891479
2.59992671012878
3.0992739200592
2.69055533409119
2.61359167098999
2.87392520904541
2.83133769035339
2.55613732337952
2.50522899627686
2.79069423675537
2.67121410369873
2.52010941505432
2.45973753929138
2.44161415100098
2.58198356628418
2.72346019744873
2.89351272583008
3.19528102874756
3.17383813858032
2.59086179733276
2.77594065666199
3.06517267227173
3.12357974052429
2.88655352592468
2.90278387069702
2.56702184677124
2.75293517112732
2.93791747093201
3.2699830532074
2.94083642959595
3.13788247108459
3.11013436317444
3.38149952888489
3.44576811790466
2.8244411945343
3.34997487068176
2.56120896339417
3.03971815109253
2.5051155090332
2.9310474395752
3.25240540504456
3.31756448745728
3.47748184204102
3.80522966384888
3.0425808429718
3.24341011047363
3.19216704368591
3.25781393051147
3.22101998329163
3.70344567298889
2.93302178382874
3.33778786659241
3.25847506523132
3.54186177253723
3.05924224853516
2.76059818267822
3.02302742004395
3.36540603637695
3.28009438514709
2.84476065635681
2.78740835189819
2.7875018119812
2.96261954307556
2.92594623565674
2.86192631721497
3.04945206642151
2.87926506996155
3.06515693664551
2.91464138031006
2.70381665229797
3.09951591491699
3.1540002822876
2.72349810600281
3.32601141929626
2.81737780570984
3.00937581062317
3.43793439865112
3.41640710830688
3.13095927238464
3.53579998016357
3.32015442848206
3.10408449172974
3.19925689697266
3.22902774810791
2.80800151824951
2.95248103141785
2.53541135787964
3.23762440681458
2.99633264541626
3.05633735656738
2.845219373703
3.0032434463501
2.76307988166809
2.59524154663086
2.61046051979065
2.3097677230835
1.79341757297516
2.3765664100647
2.40014171600342
2.15010547637939
1.99837172031403
2.56876063346863
2.00613379478455
2.37833404541016
2.22300100326538
1.73407828807831
1.77128958702087
2.35664129257202
1.97487986087799
2.0756413936615
1.86162912845612
1.65829861164093
2.43322324752808
1.75656402111053
2.255215883255
2.5275297164917
1.99662661552429
2.11283349990845
2.07506895065308
1.72311341762543
1.53592908382416
2.22348165512085
1.86886608600616
2.24458885192871
1.57713282108307
1.75010240077972
1.69919443130493
1.51633536815643
1.76604962348938
1.26042461395264
1.60986387729645
1.9598274230957
2.03316116333008
1.89558243751526
2.46129393577576
1.60083341598511
1.55849063396454
2.79567861557007
1.38060331344604
1.74632787704468
2.09051871299744
1.8355461359024
2.13555765151978
1.46435463428497
1.47282266616821
1.25995206832886
1.55906045436859
1.26350355148315
1.65691006183624
1.72422122955322
1.46706306934357
1.47313475608826
1.84338164329529
1.71511256694794
2.7934455871582
1.63146531581879
1.3946236371994
1.90525639057159
2.36721706390381
1.3101419210434
2.27463603019714
2.38180589675903
1.82888507843018
1.38288629055023
1.53227782249451
2.23953652381897
2.21356797218323
